probe
1;2
график0
1;2
orig;neg
;
;
;
230,60,60;60,230,60
100;100
generate;neg
<none>
<none>
<none>
<none>
<none>
<none>
0;0.1;0.2;0.3;0.4;0.5;0.6;0.7;0.8;0.9;1;1.1;1.2;1.3;1.4;1.5;1.6;1.7;1.8;1.9;2;2.1;2.2;2.3;2.4;2.5;2.6;2.7;2.8;2.9;3;3.1;3.2;3.3;3.4;3.5;3.6;3.7;3.8;3.9;4;4.1;4.2;4.3;4.4;4.5;4.6;4.7;4.8;4.9;5;5.1;5.2;5.3;5.4;5.5;5.6;5.7;5.8;5.9;6;6.1;6.2;6.3;6.4;6.5;6.6;6.7;6.8;6.9;7;7.1;7.2;7.3;7.4;7.5;7.6;7.7;7.8;7.9;8;8.1;8.2;8.3;8.4;8.5;8.6;8.7;8.8;8.9;9;9.1;9.2;9.3;9.4;9.5;9.6;9.7;9.8;9.9
0;0.0998334;0.198669;0.29552;0.389418;0.479426;0.564642;0.644218;0.717356;0.783327;0.841471;0.891207;0.932039;0.963558;0.98545;0.997495;0.999574;0.991665;0.973848;0.9463;0.909297;0.863209;0.808496;0.745705;0.675463;0.598472;0.515501;0.42738;0.334988;0.239249;0.14112;0.0415807;-0.0583741;-0.157746;-0.255541;-0.350783;-0.44252;-0.529836;-0.611858;-0.687766;-0.756802;-0.818277;-0.871576;-0.916166;-0.951602;-0.97753;-0.993691;-0.999923;-0.996165;-0.982453;-0.958924;-0.925815;-0.883455;-0.832267;-0.772764;-0.70554;-0.631267;-0.550686;-0.464602;-0.373877;-0.279415;-0.182163;-0.0830894;0.0168139;0.116549;0.21512;0.311541;0.40485;0.494113;0.57844;0.656987;0.728969;0.793668;0.850437;0.898708;0.938;0.96792;0.988168;0.998543;0.998941;0.989358;0.96989;0.940731;0.902172;0.854599;0.798487;0.734397;0.662969;0.584917;0.501021;0.412118;0.319098;0.22289;0.124454;0.0247754;-0.0751511;-0.174327;-0.271761;-0.366479;-0.457536
<none>
1
<none>
<none>
<none>
<none>
0;0.1;0.2;0.3;0.4;0.5;0.6;0.7;0.8;0.9;1;1.1;1.2;1.3;1.4;1.5;1.6;1.7;1.8;1.9;2;2.1;2.2;2.3;2.4;2.5;2.6;2.7;2.8;2.9;3;3.1;3.2;3.3;3.4;3.5;3.6;3.7;3.8;3.9;4;4.1;4.2;4.3;4.4;4.5;4.6;4.7;4.8;4.9;5;5.1;5.2;5.3;5.4;5.5;5.6;5.7;5.8;5.9;6;6.1;6.2;6.3;6.4;6.5;6.6;6.7;6.8;6.9;7;7.1;7.2;7.3;7.4;7.5;7.6;7.7;7.8;7.9;8;8.1;8.2;8.3;8.4;8.5;8.6;8.7;8.8;8.9;9;9.1;9.2;9.3;9.4;9.5;9.6;9.7;9.8;9.9
0;-0.0998334;-0.198669;-0.29552;-0.389418;-0.479426;-0.564642;-0.644218;-0.717356;-0.783327;-0.841471;-0.891207;-0.932039;-0.963558;-0.98545;-0.997495;-0.999574;-0.991665;-0.973848;-0.9463;-0.909297;-0.863209;-0.808496;-0.745705;-0.675463;-0.598472;-0.515501;-0.42738;-0.334988;-0.239249;-0.14112;-0.0415807;0.0583741;0.157746;0.255541;0.350783;0.44252;0.529836;0.611858;0.687766;0.756802;0.818277;0.871576;0.916166;0.951602;0.97753;0.993691;0.999923;0.996165;0.982453;0.958924;0.925815;0.883455;0.832267;0.772764;0.70554;0.631267;0.550686;0.464602;0.373877;0.279415;0.182163;0.0830894;-0.0168139;-0.116549;-0.21512;-0.311541;-0.40485;-0.494113;-0.57844;-0.656987;-0.728969;-0.793668;-0.850437;-0.898708;-0.938;-0.96792;-0.988168;-0.998543;-0.998941;-0.989358;-0.96989;-0.940731;-0.902172;-0.854599;-0.798487;-0.734397;-0.662969;-0.584917;-0.501021;-0.412118;-0.319098;-0.22289;-0.124454;-0.0247754;0.0751511;0.174327;0.271761;0.366479;0.457536
